"id","date","year","month","day","tmin","tmax","daily_Cd","daily_Ca","Cd_cumsum","Ca_cumsum","diff_Ca_Cd","diff_Ca_Cd_cumsum","lat","long","alt","doy"
"JA000047759",2023-03-01,2023,3,1,-1,8,-2.55555555555556,1,-149.439730504383,260.45,-1.55555555555556,866.860269495617,35.0119831,135.6761135,44,60
"JA000047759",2023-03-02,2023,3,2,1,9,-2.5,1.5,-151.939730504383,261.95,-1,865.860269495617,35.0119831,135.6761135,44,61
"JA000047759",2023-03-03,2023,3,3,0,13,-3,3.5,-154.939730504383,265.45,0.5,866.360269495617,35.0119831,135.6761135,44,62
"JA000047759",2023-03-04,2023,3,4,0,8,-3,1,-157.939730504383,266.45,-2,864.360269495617,35.0119831,135.6761135,44,63
"JA000047759",2023-03-05,2023,3,5,1,9,-2.5,1.5,-160.439730504383,267.95,-1,863.360269495617,35.0119831,135.6761135,44,64
"JA000047759",2023-03-06,2023,3,6,3,10,-1.5,2,-161.939730504383,269.95,0.5,863.860269495617,35.0119831,135.6761135,44,65
"JA000047759",2023-03-07,2023,3,7,1,10,-2.5,2,-164.439730504383,271.95,-0.5,863.360269495617,35.0119831,135.6761135,44,66
"JA000047759",2023-03-08,2023,3,8,0,9,-3,1.5,-167.439730504383,273.45,-1.5,861.860269495617,35.0119831,135.6761135,44,67
"JA000047759",2023-03-09,2023,3,9,1,9,-2.5,1.5,-169.939730504383,274.95,-1,860.860269495617,35.0119831,135.6761135,44,68
"JA000047759",2023-03-10,2023,3,10,1,9,-2.5,1.5,-172.439730504383,276.45,-1,859.860269495617,35.0119831,135.6761135,44,69
"JA000047759",2023-03-11,2023,3,11,2,10,-2,2,-174.439730504383,278.45,0,859.860269495617,35.0119831,135.6761135,44,70
"JA000047759",2023-03-12,2023,3,12,1,10,-2.5,2,-176.939730504383,280.45,-0.5,859.360269495617,35.0119831,135.6761135,44,71
"JA000047759",2023-03-13,2023,3,13,5,12,-0.5,3,-177.439730504383,283.45,2.5,861.860269495617,35.0119831,135.6761135,44,72
"JA000047759",2023-03-14,2023,3,14,3,13,-1.5,3.5,-178.939730504383,286.95,2,863.860269495617,35.0119831,135.6761135,44,73
"JA000047759",2023-03-15,2023,3,15,2,11,-2,2.5,-180.939730504383,289.45,0.5,864.360269495617,35.0119831,135.6761135,44,74
"JA000047759",2023-03-16,2023,3,16,6,13,0,3.5,-180.939730504383,292.95,3.5,867.860269495617,35.0119831,135.6761135,44,75
"JA000047759",2023-03-17,2023,3,17,6,15,0,4.5,-180.939730504383,297.45,4.5,872.360269495617,35.0119831,135.6761135,44,76
"JA000047759",2023-03-18,2023,3,18,4,15,-1,4.5,-181.939730504383,301.95,3.5,875.860269495617,35.0119831,135.6761135,44,77
"JA000047759",2023-03-19,2023,3,19,2,15,-2,4.5,-183.939730504383,306.45,2.5,878.360269495617,35.0119831,135.6761135,44,78
"JA000047759",2023-03-20,2023,3,20,2,13,-2,3.5,-185.939730504383,309.95,1.5,879.860269495617,35.0119831,135.6761135,44,79
"JA000047759",2023-03-21,2023,3,21,3,13,-1.5,3.5,-187.439730504383,313.45,2,881.860269495617,35.0119831,135.6761135,44,80
"JA000047759",2023-03-22,2023,3,22,2,13,-2,3.5,-189.439730504383,316.95,1.5,883.360269495617,35.0119831,135.6761135,44,81
"JA000047759",2023-03-23,2023,3,23,7,13,0,4,-189.439730504383,320.95,4,887.360269495617,35.0119831,135.6761135,44,82
"JA000047759",2023-03-24,2023,3,24,4,16,-1,5,-190.439730504383,325.95,4,891.360269495617,35.0119831,135.6761135,44,83
"JA000047759",2023-03-25,2023,3,25,3,16,-1.5,5,-191.939730504383,330.95,3.5,894.860269495617,35.0119831,135.6761135,44,84
"JA000047759",2023-03-26,2023,3,26,5,14,-0.5,4,-192.439730504383,334.95,3.5,898.360269495617,35.0119831,135.6761135,44,85
"JA000047759",2023-03-27,2023,3,27,3,15,-1.5,4.5,-193.939730504383,339.45,3,901.360269495617,35.0119831,135.6761135,44,86
"JA000047759",2023-03-28,2023,3,28,4,16,-1,5,-194.939730504383,344.45,4,905.360269495617,35.0119831,135.6761135,44,87
"JA000047759",2023-03-29,2023,3,29,4,14,-1,4,-195.939730504383,348.45,3,908.360269495617,35.0119831,135.6761135,44,88
"JA000047759",2023-03-30,2023,3,30,8,15,0,5.5,-195.939730504383,353.95,5.5,913.860269495617,35.0119831,135.6761135,44,89
"JA000047759",2023-03-31,2023,3,31,8,18,0,7,-195.939730504383,360.95,7,920.860269495617,35.0119831,135.6761135,44,90
"JA000047759",2023-04-01,2023,4,1,9,19,0,8,-195.939730504383,368.95,8,928.860269495617,35.0119831,135.6761135,44,91
"JA000047759",2023-04-02,2023,4,2,10,19,0,8.5,-195.939730504383,377.45,8.5,937.360269495617,35.0119831,135.6761135,44,92
"JA000047759",2023-04-03,2023,4,3,5,20,-0.5,7,-196.439730504383,384.45,6.5,943.860269495617,35.0119831,135.6761135,44,93
"JA000047759",2023-04-04,2023,4,4,8,20,0,8,-196.439730504383,392.45,8,951.860269495617,35.0119831,135.6761135,44,94
"JA000047759",2023-04-05,2023,4,5,5,17,-0.5,5.5,-196.939730504383,397.95,5,956.860269495617,35.0119831,135.6761135,44,95
"JA000047759",2023-04-06,2023,4,6,4,17,-1,5.5,-197.939730504383,403.45,4.5,961.360269495617,35.0119831,135.6761135,44,96
"JA000047759",2023-04-07,2023,4,7,5,17,-0.5,5.5,-198.439730504383,408.95,5,966.360269495617,35.0119831,135.6761135,44,97
"JA000047759",2023-04-08,2023,4,8,9,18,0,7.5,-198.439730504383,416.45,7.5,973.860269495617,35.0119831,135.6761135,44,98
"JA000047759",2023-04-09,2023,4,9,11,18,0,8.5,-198.439730504383,424.95,8.5,982.360269495617,35.0119831,135.6761135,44,99
"JA000047759",2023-04-10,2023,4,10,7,18,0,6.5,-198.439730504383,431.45,6.5,988.860269495617,35.0119831,135.6761135,44,100
"JA000047759",2023-04-11,2023,4,11,6,19,0,6.5,-198.439730504383,437.95,6.5,995.360269495617,35.0119831,135.6761135,44,101
"JA000047759",2023-04-12,2023,4,12,6,18,0,6,-198.439730504383,443.95,6,1001.36026949562,35.0119831,135.6761135,44,102
"JA000047759",2023-04-13,2023,4,13,7,18,0,6.5,-198.439730504383,450.45,6.5,1007.86026949562,35.0119831,135.6761135,44,103
"JA000047759",2023-04-14,2023,4,14,7,19,0,7,-198.439730504383,457.45,7,1014.86026949562,35.0119831,135.6761135,44,104
"JA000047759",2023-04-15,2023,4,15,8,20,0,8,-198.439730504383,465.45,8,1022.86026949562,35.0119831,135.6761135,44,105
"JA000047759",2023-04-16,2023,4,16,11,19,0,9,-198.439730504383,474.45,9,1031.86026949562,35.0119831,135.6761135,44,106
"JA000047759",2023-04-17,2023,4,17,12,19,0,9.5,-198.439730504383,483.95,9.5,1041.36026949562,35.0119831,135.6761135,44,107
"JA000047759",2023-04-18,2023,4,18,9,20,0,8.5,-198.439730504383,492.45,8.5,1049.86026949562,35.0119831,135.6761135,44,108
"JA000047759",2023-04-19,2023,4,19,7,20,0,7.5,-198.439730504383,499.95,7.5,1057.36026949562,35.0119831,135.6761135,44,109
"JA000047759",2023-04-20,2023,4,20,10,20,0,9,-198.439730504383,508.95,9,1066.36026949562,35.0119831,135.6761135,44,110
"JA000047759",2023-04-21,2023,4,21,11,20,0,9.5,-198.439730504383,518.45,9.5,1075.86026949562,35.0119831,135.6761135,44,111
"JA000047759",2023-04-22,2023,4,22,12,21,0,10.5,-198.439730504383,528.95,10.5,1086.36026949562,35.0119831,135.6761135,44,112
"JA000047759",2023-04-23,2023,4,23,13,23,0,12,-198.439730504383,540.95,12,1098.36026949562,35.0119831,135.6761135,44,113
"JA000047759",2023-04-24,2023,4,24,12,24,0,12,-198.439730504383,552.95,12,1110.36026949562,35.0119831,135.6761135,44,114
"JA000047759",2023-04-25,2023,4,25,13,23,0,12,-198.439730504383,564.95,12,1122.36026949562,35.0119831,135.6761135,44,115
"JA000047759",2023-04-26,2023,4,26,8,22,0,9,-198.439730504383,573.95,9,1131.36026949562,35.0119831,135.6761135,44,116
"JA000047759",2023-04-27,2023,4,27,9,21,0,9,-198.439730504383,582.95,9,1140.36026949562,35.0119831,135.6761135,44,117
"JA000047759",2023-04-28,2023,4,28,13,21,0,11,-198.439730504383,593.95,11,1151.36026949562,35.0119831,135.6761135,44,118
"JA000047759",2023-04-29,2023,4,29,12,21,0,10.5,-198.439730504383,604.45,10.5,1161.86026949562,35.0119831,135.6761135,44,119
"JA000047759",2023-04-30,2023,4,30,11,22,0,10.5,-198.439730504383,614.95,10.5,1172.36026949562,35.0119831,135.6761135,44,120
